Checkpoint saved for improved metric: Val_word_accuracy
Epoch: 137
Best Val_word_accuracy: 0.9475539885412075

=== Training Metrics ===
Loss: 0.03539649121463299
character_accuracy: 0.9551141710704876
word_accuracy: 0.9296932453533471
CER: 0.010540342619373491

=== Validation Metrics ===
Loss: 0.05058052843170507
character_accuracy: 0.968231524724751
word_accuracy: 0.9475539885412075
CER: 0.010418195731108906
