Checkpoint saved for improved metric: Train_CER
Epoch: 120
Best Train_CER: 0.008354442542885716

=== Training Metrics ===
Loss: 0.027780136708170176
character_accuracy: 0.9633136217454917
word_accuracy: 0.9436362903713256
CER: 0.008354442542885716

=== Validation Metrics ===
Loss: 0.05472763095583234
character_accuracy: 0.9606447041179806
word_accuracy: 0.9424122227119142
CER: 0.011321856407797348
