Checkpoint saved for improved metric: Val_CER
Epoch: 117
Best Val_CER: 0.009762984840111327

=== Training Metrics ===
Loss: 0.028586253318935634
character_accuracy: 0.9614338773390186
word_accuracy: 0.940745068805029
CER: 0.008589215196966087

=== Validation Metrics ===
Loss: 0.044463950608457835
character_accuracy: 0.9678463730412911
word_accuracy: 0.9485823417070662
CER: 0.009762984840111327
