Checkpoint saved for improved metric: Val_word_accuracy
Epoch: 96
Best Val_word_accuracy: 0.8878538812785388

=== Training Metrics ===
Loss: 0.029980045084131362
character_accuracy: 0.9596210466609786
word_accuracy: 0.9385844748858447
WER: 0.08107305936073059
CER: 0.009777265327010341

=== Validation Metrics ===
Loss: 0.0947493466463956
character_accuracy: 0.9252754037104608
word_accuracy: 0.8878538812785388
WER: 0.17589041095890412
CER: 0.021451591346656876
