Checkpoint saved for improved metric: Train_CER
Epoch: 97
Best Train_CER: 0.008793719942560013

=== Training Metrics ===
Loss: 0.026519397328943695
character_accuracy: 0.9630272818727973
word_accuracy: 0.9442694063926941
WER: 0.0723972602739726
CER: 0.008793719942560013

=== Validation Metrics ===
Loss: 0.10891726037318056
character_accuracy: 0.9111559578640953
word_accuracy: 0.8735159817351598
WER: 0.2015525114155251
CER: 0.024430118320497473
