Checkpoint saved for improved metric: Val_word_accuracy
Epoch: 133
Best Val_word_accuracy: 0.9496106948729249

=== Training Metrics ===
Loss: 0.03223105818033219
character_accuracy: 0.9587365546876961
word_accuracy: 0.9350029214433945
CER: 0.009633332145571981

=== Validation Metrics ===
Loss: 0.04907186435801642
character_accuracy: 0.9651503962494932
word_accuracy: 0.9496106948729249
CER: 0.009859157214820502
