Checkpoint saved for improved metric: Val_Loss
Epoch: 136
Best Val_Loss: 0.049145568694387166

=== Training Metrics ===
Loss: 0.03945234077051282
character_accuracy: 0.9513942036748875
word_accuracy: 0.923729411172115
CER: 0.011522540573313748

=== Validation Metrics ===
Loss: 0.049145568694387166
character_accuracy: 0.9589181285157553
word_accuracy: 0.9428529454972822
CER: 0.010931996850903854
