Checkpoint saved for improved metric: Train_word_accuracy
Epoch: 145
Best Train_word_accuracy: 0.9325341258248123

=== Training Metrics ===
Loss: 0.03422895463183522
character_accuracy: 0.9576312846460626
word_accuracy: 0.9325341258248123
CER: 0.010130871579770991

=== Validation Metrics ===
Loss: 0.05067276156374386
character_accuracy: 0.9635240445886049
word_accuracy: 0.9472601733509622
CER: 0.01009594399854426
