Checkpoint saved for improved metric: Val_character_accuracy
Epoch: 146
Best Val_character_accuracy: 0.9679762289723868

=== Training Metrics ===
Loss: 0.032558869402855635
character_accuracy: 0.959396551886254
word_accuracy: 0.9353756573247638
CER: 0.009834594319463253

=== Validation Metrics ===
Loss: 0.05041430305157389
character_accuracy: 0.9679762289723868
word_accuracy: 0.9435874834728956
CER: 0.010992980054240518
