Checkpoint saved for improved metric: Val_character_accuracy
Epoch: 140
Best Val_character_accuracy: 0.9686386732897306

=== Training Metrics ===
Loss: 0.03635979659855366
character_accuracy: 0.9539547490110789
word_accuracy: 0.9282728051176145
CER: 0.010796957426182216

=== Validation Metrics ===
Loss: 0.04996434545942715
character_accuracy: 0.9686386732897306
word_accuracy: 0.947407080946085
CER: 0.01008338453248105
