Checkpoint saved for improved metric: Val_Loss
Epoch: 86
Best Val_Loss: 0.09161448668349872

=== Training Metrics ===
Loss: 0.030856566265497577
character_accuracy: 0.9570681683189287
word_accuracy: 0.9370776255707762
WER: 0.08461187214611872
CER: 0.009850782877233854

=== Validation Metrics ===
Loss: 0.09161448668349872
character_accuracy: 0.9225049231283426
word_accuracy: 0.8851141552511416
WER: 0.18036529680365296
CER: 0.021367080360708165
